=========2020-10-26 09:48:27.952295=========
layer_list : [64, [30, 40], 10]
learning_rate : 0.0001
epoch : 20000
batch_per : 0.6
loss_list : [404.15487264189585, 152.52150825677614, 46.93759236725495, 31.71609305748276, 23.835987813172625, 17.875339730588507, 17.30661374402223, 16.120186932373656, 11.782150218894031, 13.090680547622549, 9.315069353620366, 11.760578998198797, 10.700895848976204, 12.223790563574806, 9.058232759359012, 6.526668267505345, 9.017255294383748, 6.5910101429113235, 7.257198537328278, 6.733848023801606, 6.5028865098357596, 5.990108585715285, 4.6327216829327735, 5.25488364701679, 4.714321781727076, 4.346705499407766, 4.069432618826301, 5.068813354271101, 4.011294322417424, 4.351730361989931, 3.617711021674127, 4.063773733748416, 4.6079878689258695, 4.2989912248271365, 5.203035539131313, 3.293395314856303, 3.631614210441601, 4.750208978110843, 3.741823771744613, 4.27667423565321, 3.604303065614801, 2.6143997693343692, 4.45887319411761, 2.9676229944512995, 2.4159042200754772, 3.36908222835433, 2.5012126715599505, 4.789465499731266, 3.014221039184858, 2.4561594486386626, 2.5653037909629677, 2.67167390919119, 2.646711069191705, 2.565514474116786, 2.6653714958271983, 2.667015330926629, 2.516617774173353, 3.3118415312589637, 2.542641726509094, 1.8150233545244094, 2.552964147929745, 2.3934320299463927, 2.482386017676174, 2.272968078859802, 1.8387174883313704, 2.4227801129268576, 3.79099706986217, 3.778321860129119, 1.9259349040414293, 2.0519274876974443, 2.073422278237253, 2.717423906164969, 2.9042851491861765, 1.7456689627711706, 1.6297172704750857, 2.6100973930555464, 1.534655402568685, 3.1208800036791393, 2.0726071260131906, 2.057411025397032, 1.949964578886228, 1.9795476885107433, 2.1358853069685404, 1.9100298364186323, 4.9589420605078285, 1.753504690436834, 1.9221342215998898, 1.8119805355373226, 3.254101463393158, 2.6373544348393, 1.9552337311133998, 1.3903826055469528, 2.2149712439508837, 1.9711354456757908, 2.2169364749662632, 1.6678789027322853, 3.3572583902314137, 1.8190985667540334, 1.2084716119834278, 1.469505762366639]
acc_list : [0.06435643564356436, 0.7982673267326733, 0.969059405940594, 0.9863861386138614, 0.9900990099009901, 0.9975247524752475, 0.9975247524752475, 0.995049504950495, 0.9987623762376238, 1.0, 1.0, 0.9938118811881188, 0.9987623762376238, 0.9975247524752475, 0.9962871287128713, 1.0, 0.9962871287128713, 0.9987623762376238, 0.9962871287128713, 0.9975247524752475, 1.0, 1.0, 1.0, 1.0, 1.0, 1.0, 0.9987623762376238, 0.9987623762376238, 1.0, 1.0, 0.9987623762376238, 0.9987623762376238, 0.9975247524752475, 0.9975247524752475, 1.0, 1.0, 0.9987623762376238, 1.0, 0.9975247524752475, 1.0, 1.0, 1.0, 0.9987623762376238, 0.9987623762376238, 1.0, 0.9987623762376238, 0.9987623762376238, 0.9987623762376238, 0.9987623762376238, 1.0, 1.0, 1.0, 1.0, 1.0, 0.9975247524752475, 0.9987623762376238, 1.0, 0.9987623762376238, 0.9987623762376238, 1.0, 1.0, 0.9987623762376238, 1.0, 0.9987623762376238, 1.0, 0.9987623762376238, 0.9987623762376238, 0.9987623762376238, 1.0, 1.0, 1.0, 0.9975247524752475, 1.0, 1.0, 1.0, 1.0, 1.0, 1.0, 1.0, 1.0, 1.0, 1.0, 1.0, 1.0, 1.0, 1.0, 1.0, 1.0, 1.0, 1.0, 1.0, 1.0, 1.0, 1.0, 1.0, 1.0, 1.0, 1.0, 1.0, 1.0]
test_loss : 15.272163557899553
test_accuracy : 0.9733333333333334


=========2020-10-26 09:49:46.470767=========
layer_list : [64, [30, 40, 30], 10]
learning_rate : 0.0001
epoch : 20000
batch_per : 0.6
loss_list : [403.992908736105, 363.5917440623743, 363.5509758093102, 363.1989175492766, 363.1871574304477, 362.74063312372687, 329.1376274530308, 263.7025279336354, 198.17228280560948, 151.28696731059358, 123.56191925583816, 75.98091205088323, 45.62972772509045, 32.94871656961618, 30.24710573091599, 24.3492674102647, 23.987116622727907, 17.65530768453535, 14.646213642051798, 13.194432044860859, 14.442222020447876, 10.617201583286905, 8.128919667188296, 9.520516573069418, 7.203366989170984, 8.372850100231663, 7.245556214335304, 6.960243979269449, 7.938586686039272, 5.248403448707492, 5.998477916084685, 5.510008551455373, 5.578116493773031, 5.5480471795125945, 3.46650434522621, 3.8494258316760614, 4.261934169233072, 4.413251071010914, 6.277860949939891, 3.677698951546522, 3.7632979612981154, 2.6818035104132454, 4.891561241556498, 3.4784852070109284, 3.249615885355423, 2.853244457158753, 3.808044781726513, 3.833046510785283, 2.5645166627123173, 2.7385865264900113, 3.3434919671892027, 3.3382111085377675, 3.316891036277063, 3.6135656779798047, 2.316925959156582, 2.9795845241932453, 2.60156054210563, 2.371228286720047, 2.0856667981480173, 2.252284030673796, 2.8523345648761813, 2.0738240634257363, 2.334510091159237, 1.7775944927230487, 1.6413341907881849, 1.783973941252953, 1.8909294726298005, 2.2476664387368075, 2.252972329746494, 1.6223098406657226, 1.9142765541977989, 1.7528027152959358, 2.13815597881185, 1.9733928892668289, 1.5622924062692163, 1.6745401459603872, 1.327130230852006, 1.5859097085166822, 1.6640235167932245, 1.739534085731203, 1.4292064350680644, 1.6800688911904484, 1.6582762554191453, 1.5065985789914031, 1.9721580178556337, 1.98828038427395, 1.5636881118886072, 1.116888224795615, 1.2873952280353902, 1.1547763973921503, 1.4498338835694917, 1.4177092257798494, 1.7393798297329675, 1.2422046076008662, 1.1792683615897295, 0.957489916126105, 1.0176671949234728, 1.214609392694188, 1.4055770351808863, 1.2578929610594982]
acc_list : [0.08415841584158416, 0.10767326732673267, 0.10891089108910891, 0.11633663366336634, 0.12376237623762376, 0.125, 0.19925742574257427, 0.4306930693069307, 0.6435643564356436, 0.7103960396039604, 0.8762376237623762, 0.9504950495049505, 0.9752475247524752, 0.9839108910891089, 0.9900990099009901, 0.9851485148514851, 0.9863861386138614, 0.9900990099009901, 0.9925742574257426, 0.995049504950495, 0.995049504950495, 0.9962871287128713, 1.0, 0.9962871287128713, 0.9987623762376238, 0.9962871287128713, 0.9962871287128713, 0.9962871287128713, 0.995049504950495, 0.9987623762376238, 0.9975247524752475, 0.9962871287128713, 0.9975247524752475, 0.9962871287128713, 1.0, 1.0, 0.9975247524752475, 0.9962871287128713, 0.9962871287128713, 0.9975247524752475, 0.9975247524752475, 1.0, 0.9962871287128713, 0.9987623762376238, 0.9987623762376238, 1.0, 0.9987623762376238, 1.0, 0.9987623762376238, 1.0, 1.0, 0.9987623762376238, 1.0, 1.0, 1.0, 1.0, 1.0, 1.0, 1.0, 1.0, 1.0, 1.0, 1.0, 1.0, 1.0, 1.0, 1.0, 1.0, 1.0, 1.0, 1.0, 1.0, 1.0, 1.0, 1.0, 1.0, 1.0, 1.0, 1.0, 1.0, 1.0, 1.0, 1.0, 1.0, 1.0, 1.0, 1.0, 1.0, 1.0, 1.0, 1.0, 1.0, 1.0, 1.0, 1.0, 1.0, 1.0, 1.0, 1.0, 1.0]
test_loss : 9.93592654911231
test_accuracy : 0.9822222222222222


